14 31 //此位置刷新主显示图标的左半区域 1
22 31 //此位置刷新主显示图标的右半区域 2
42 31 //此位置刷新主显示第一位的数字 3
0 39 //此位置刷新设置模式下百位的下划线 4
53 31 //此位置刷新主显示第二位的数字 5
0 39 //此位置刷新设置模式下十位的下划线 6
69 31 //此位置刷新主显示第三位的数字 7
0 39 //此位置刷新设置模式下个位的下划线 8
80 31 //此位置刷新主显示第四位的数字 9
 39 //此位置刷新主显示第一位的单位 10
0 39 //此位置刷新主显示第二位的单位 11
0 39 //此位置刷新主显示第三位的单位 12
61 31 //此位置刷新主显示的标点符号 13
0 39 //此位置刷新副显示图标的左半区域 14
0 39 //此位置刷新副显示图标的右半区域 15
0 39 //此位置刷新副显示第一位的数字 16
0 39 //此位置刷新副显示第二位的数字 17
0 39 //此位置刷新副显示第三位的数字 18
0 39 //此位置刷新副显示第四位的数字 19
0 39 //此位置刷新副显示的标点符号 20